0, 79.12087912087911
1, 827.8388278388278
2, 24268.131868131866
3, 23558.974358974356
4, 23432.96703296703
5, 24171.42857142857
6, 24294.505494505494
7, 24353.11355311355
8, 24360.439560439558
9, 23972.16117216117
10, 23844.688644688642
11, 23872.527472527472
12, 23907.692307692305
13, 23942.85714285714
14, 23985.347985347984
15, 23958.974358974356
16, 23944.322344322343
17, 23948.717948717946
18, 23915.018315018315
19, 23866.666666666664
20, 23831.50183150183
21, 23783.15018315018
22, 23787.545787545787
23, 23821.24542124542
24, 23783.15018315018
25, -305642.4908424908
26, 23834.43223443223
27, 23769.963369963367
28, 23765.567765567765
29, 23759.706959706957
30, 23749.450549450547
31, 23920.87912087912
32, 23827.106227106226
33, 23806.593406593405
34, 23866.666666666664
35, 23853.47985347985
36, 23730.402930402928
37, 23327.472527472524
38, 23380.219780219777
39, 23403.663003663
40, 23430.03663003663
41, 23460.80586080586
42, 23447.619047619046
43, 23471.06227106227
44, 23498.901098901097
45, 23468.131868131866
46, 23459.340659340658
47, 23471.06227106227
48, 23425.641025641024
49, 23462.271062271062
50, 23447.619047619046
51, 23418.315018315017
52, 23431.50183150183
53, 23454.945054945052
54, -305642.4908424908
55, 23950.183150183148
56, 23789.01098901099
57, 23739.194139194136
58, 23761.17216117216
59, 23786.080586080585
60, 23802.1978021978
61, 23560.439560439558
62, 23572.16117216117
63, 23536.996336996337
64, 23567.765567765568
65, 23541.39194139194
66, 23520.87912087912
67, 23567.765567765568
68, 23554.578754578753
69, 23545.787545787545
70, 23466.666666666664
71, 23405.128205128203
72, 23435.897435897434
73, 23409.52380952381
74, 23421.24542124542
75, 23459.340659340658
76, 23450.54945054945
77, 23403.663003663
78, 23437.362637362636
79, 23419.78021978022
80, 23430.03663003663
81, 23432.96703296703
82, 23421.24542124542
83, 23441.75824175824
84, 23466.666666666664
85, 23522.34432234432
86, 23535.531135531135
87, 23572.16117216117
88, 23548.717948717946
89, 23532.60073260073
90, 23534.065934065933
91, 23500.3663003663
92, 23513.553113553113
93, 23558.974358974356
94, -305642.4908424908
95, 23515.018315018315
96, 23506.227106227103
97, 23569.230769230766
98, 23569.230769230766
99, 23575.091575091574
100, 23544.322344322343
101, 23509.157509157507
102, 23554.578754578753
103, 23551.64835164835
104, 23550.183150183148
105, 23561.90476190476
106, 23580.952380952378
107, 23601.4652014652
108, 23588.278388278388
109, 23620.51282051282
110, 23621.97802197802
111, 23654.21245421245
112, 23639.56043956044
113, 23721.61172161172
114, 23690.84249084249
115, 23679.120879120877
116, 23747.98534798535
117, 23682.05128205128
118, 23730.402930402928
119, 23774.358974358973
120, 23742.12454212454
121, 23781.68498168498
122, 23783.15018315018
123, 23781.68498168498
124, 23768.49816849817
125, 23847.619047619046
126, 23800.732600732597
127, 23809.52380952381
128, 23815.384615384613
129, 23837.362637362636
130, 196273.99267399267
131, 23881.31868131868
132, 23916.483516483513
133, 23906.227106227103
134, 23916.483516483513
135, 23944.322344322343
136, 23947.252747252747
137, 23978.021978021978
138, 24054.21245421245
139, 24039.56043956044
140, 24070.32967032967
141, 24096.703296703294
142, 24046.886446886445
143, 24108.424908424906
144, 24133.333333333332
145, 24114.285714285714
146, 24146.520146520146
147, 24171.42857142857
148, 24194.871794871793
149, 24186.080586080585
150, 24218.315018315017
151, 24247.619047619046
152, 24262.271062271062
153, 24295.970695970693
154, 24369.230769230766
155, 24394.139194139192
156, 24435.164835164833
157, 24512.82051282051
158, 24539.194139194136
159, 24553.846153846152
160, 24602.1978021978
161, 24668.131868131866
162, 24672.527472527472
163, 24681.31868131868
164, 24717.948717948715
165, 24761.90476190476
166, 24788.278388278388
167, 24842.490842490843
168, 24808.79120879121
169, 24861.53846153846
170, 24874.72527472527
171, 24899.633699633698
172, 24912.82051282051
173, 24950.91575091575
174, 24931.86813186813
175, 24906.959706959704
176, 24934.798534798534
177, 24949.450549450547
178, 24931.86813186813
179, 25002.1978021978
180, 25024.17582417582
181, 25024.17582417582
182, 25012.45421245421
183, 25012.45421245421
184, 25015.384615384613
185, 24969.963369963367
186, 24934.798534798534
187, 24934.798534798534
188, 24852.747252747253
189, 24864.46886446886
190, 24858.608058608057
191, 23658.608058608057
192, 2559.7069597069594
193, 2455.6776556776554
194, 2222.7106227106224
195, 2152.3809523809523
196, 2293.040293040293
197, 2325.274725274725
198, 25907.692307692305
199, 26446.886446886445
200, 26501.0989010989
201, 26463.003663003663
202, 26397.069597069596
203, 26435.164835164833
204, 26398.534798534798
205, 26328.205128205125
206, 26322.34432234432
207, 26347.252747252747
208, 26364.835164835164
209, 26360.439560439558
210, -305642.4908424908
211, 26378.021978021978
212, 2376.556776556776
213, 24483.516483516483
214, 24152.38095238095
215, 24209.52380952381
216, 24254.945054945052
217, -305642.4908424908
218, 24370.695970695968
219, 24405.860805860804
220, 2826.3736263736264
221, 2630.03663003663
222, 2657.875457875458
223, 2700.3663003663
224, 2713.5531135531132
225, 8940.65934065934
226, 27778.75457875458
227, 27056.410256410254
228, 27059.340659340658
229, 27034.43223443223
230, 27076.923076923074
231, 27119.413919413917
232, 27097.435897435895
233, 27119.413919413917
234, 27119.413919413917
235, 27093.040293040292
236, 27126.739926739923
237, 27154.578754578753
238, 27160.439560439558
239, 27150.183150183148
240, 27158.974358974356
241, 27185.347985347984
242, 27173.62637362637
243, 27192.67399267399
244, 27182.41758241758
245, 27205.860805860804
246, 27265.934065934063
247, 27271.79487179487
248, 27270.32967032967
249, 27261.53846153846
250, 27340.65934065934
251, 27333.333333333332
252, 27292.30769230769
253, 27340.65934065934
254, 27328.937728937726
255, 27346.520146520146
256, 27306.959706959704
257, 27283.516483516483
258, 27270.32967032967
259, 27276.190476190473
260, 27229.30402930403
261, 27178.021978021978
262, 27186.813186813186
263, 27202.9304029304
264, 27176.556776556776
265, 27217.582417582416
266, 27224.908424908423
267, 27233.69963369963
268, 27188.278388278388
269, 27263.003663003663
270, 27243.95604395604
271, 27248.351648351647
272, 27345.054945054944
273, 3003.6630036630036
274, 26879.120879120877
275, 26958.241758241755
276, 26981.68498168498
277, 26978.75457875458
278, 27024.17582417582
279, 27008.058608058607
280, 27016.849816849815
281, 27027.106227106226
282, 27065.201465201462
283, 27050.54945054945
284, 27120.87912087912
285, 27093.040293040292
286, 27063.73626373626
287, 27053.47985347985
288, 27082.783882783882
289, 27094.505494505494
290, 27084.24908424908
291, 27032.96703296703
292, 26946.520146520146
293, 26933.333333333332
294, 26917.216117216114
295, 26871.79487179487
296, 26843.95604395604
297, 26802.9304029304
298, 26797.069597069596
299, 26761.90476190476
300, 26710.62271062271
301, 26726.739926739923
302, 26710.62271062271
303, 26682.783882783882
304, 26644.688644688642
305, 26647.619047619046
306, 26630.03663003663
307, 26657.875457875456
308, 26660.80586080586
309, 26643.22344322344
310, 26662.271062271062
311, 26610.989010989008
312, 26654.945054945052
313, 26616.849816849815
314, 26591.94139194139
315, 26637.362637362636
316, 26659.340659340658
317, 26634.43223443223
318, 26621.245421245418
319, 26671.06227106227
320, 26675.457875457872
321, 26665.201465201462
322, 26726.739926739923
323, 26706.227106227103
324, 26678.388278388276
325, 26656.410256410254
326, 26719.413919413917
327, 26682.783882783882
328, 26690.10989010989
329, 26646.153846153844
330, 26666.666666666664
331, 26644.688644688642
332, 26654.945054945052
333, 26672.527472527472
334, 26665.201465201462
335, 26638.827838827838
336, 26640.29304029304
337, 26685.714285714283
338, 26672.527472527472
339, 26690.10989010989
340, 26656.410256410254
341, 26676.923076923074
342, 26640.29304029304
343, 26675.457875457872
344, 26647.619047619046
345, 26678.388278388276
346, 26653.47985347985
347, 26693.040293040292
348, 26685.714285714283
349, 26690.10989010989
350, 26710.62271062271
351, 26717.948717948715
352, 26767.765567765568
353, 26717.948717948715
354, 26756.043956043955
355, 26758.974358974356
356, 26745.787545787545
357, 26761.90476190476
358, 26739.926739926737
359, 26725.274725274725
360, 26729.670329670327
361, -305642.4908424908
362, 26709.157509157507
363, 26649.084249084248
364, 26610.989010989008
365, 26569.963369963367
366, 26594.871794871793
367, 26556.776556776556
368, 26552.38095238095
369, 26547.985347985345
370, 26569.963369963367
371, 26553.846153846152
372, 26593.40659340659
373, 26539.194139194136
374, 26502.5641025641
375, 26511.35531135531
376, 26473.260073260073
377, 26473.260073260073
378, 26504.029304029304
379, 26515.750915750916
380, 26531.86813186813
381, 26559.706959706957
382, 26556.776556776556
383, 26575.824175824175
384, 26558.241758241755
385, 26546.520146520146
386, 26528.937728937726
387, 26569.963369963367
388, 26537.728937728934
389, 26543.589743589742
390, 26562.63736263736
391, 26546.520146520146
392, 26530.402930402928
393, 26511.35531135531
394, 26499.633699633698
395, -305642.4908424908
396, 26495.23809523809
397, 26463.003663003663
398, 26448.351648351647
399, 26479.120879120877
400, 26454.21245421245
401, 26457.142857142855
402, 26480.58608058608
403, 26484.98168498168
404, 26479.120879120877
405, 26484.98168498168
406, 26477.655677655675
407, 26505.494505494502
408, 26470.32967032967
409, 26474.72527472527
410, 26449.81684981685
411, 26419.04761904762
412, 26363.36996336996
413, 26313.553113553113
414, 26259.340659340658
415, 26181.68498168498
416, 26162.63736263736
417, 26177.289377289377
418, 26146.520146520146
419, 26108.424908424906
420, 26092.30769230769
421, 26080.58608058608
422, 26026.373626373625
423, 26013.18681318681
424, 25919.413919413917
425, 25950.183150183148
426, 25970.695970695968
427, 25944.322344322343
428, 25919.413919413917
429, 25894.505494505494
430, 25916.483516483513
431, 25888.644688644687
432, 25852.01465201465
433, 25830.03663003663
434, 25818.315018315017
435, 25860.80586080586
436, 25860.80586080586
437, 25862.271062271062
438, 25875.457875457872
439, 25860.80586080586
440, 25832.96703296703
441, 25859.340659340658
442, 25840.29304029304
443, 25840.29304029304
444, 25857.875457875456
445, 25879.85347985348
446, 25849.084249084248
447, 25799.2673992674
448, 25828.571428571428
449, 25857.875457875456
450, 25844.688644688642
451, 25837.362637362636
452, 25879.85347985348
453, 25854.945054945052
454, 25897.435897435895
455, 25923.809523809523
456, -157342.12454212454
457, 25926.739926739923
458, 25938.461538461535
459, 25944.322344322343
460, 25932.60073260073
461, 25964.835164835164
462, 25964.835164835164
463, 26002.9304029304
464, 25979.487179487176
465, 25998.534798534798
466, 26021.97802197802
467, 26019.04761904762
468, 26013.18681318681
469, 25989.743589743586
470, 25995.604395604394
471, 26039.56043956044
472, 25997.069597069596
473, 25969.230769230766
474, 25997.069597069596
475, 26016.117216117214
476, 26011.72161172161
477, 25994.139194139192
478, 26020.51282051282
479, 26048.351648351647
480, 26055.677655677653
481, 26083.516483516483
482, 26073.260073260073
483, 26093.772893772893
484, 26079.120879120877
485, 26104.029304029304
486, 26077.655677655675
487, 26082.05128205128
488, 26098.168498168496
489, 272695.9706959707
490, 26082.05128205128
491, 26067.399267399265
492, 26073.260073260073
493, 26068.864468864467
494, 25935.531135531135
495, 25649.81684981685
496, 25636.630036630035
497, 25556.043956043955
498, 25558.974358974356
499, 25563.36996336996
500, 25573.62637362637
501, 25728.937728937726
502, 26033.69963369963
503, 26060.07326007326
504, 26046.886446886445
505, 25723.076923076922
506, 25580.952380952378
507, 25522.34432234432
508, 25535.531135531135
509, 25558.974358974356
510, -305642.4908424908
511, 25692.30769230769
512, 26021.97802197802
513, 25897.435897435895
514, 25526.739926739923
515, 25932.60073260073
516, 25969.230769230766
517, 25544.322344322343
518, 25453.47985347985
519, 25326.007326007326
520, 25260.07326007326
521, 25280.58608058608
522, 25227.838827838827
523, 25219.04761904762
524, 25148.717948717946
